name: cpacsSeminar
channels:
  - dlr-sc
  - conda-forge
dependencies:
  - bzip2=1.0.8=h8ffe710_4
  - ca-certificates=2022.12.7=h5b45459_0
  - freeimageplus=3.18.0=h6538335_2
  - freetype=2.6.5=hfa6e2cd_4
  - gettext=0.21.1=h5728263_0
  - glib=2.76.1=h12be248_0
  - glib-tools=2.76.1=h12be248_0
  - gst-plugins-base=1.22.0=h001b923_2
  - gstreamer=1.22.0=h6b5321d_2
  - icu=72.1=h63175ca_0
  - intel-openmp=2023.1.0=h57928b3_46319
  - krb5=1.20.1=heb0366b_0
  - libblas=3.9.0=8_mkl
  - libcblas=3.9.0=8_mkl
  - libclang=16.0.1=default_h8b4101f_0
  - libclang13=16.0.1=default_h45d3cf4_0
  - libffi=3.4.2=h8ffe710_5
  - libglib=2.76.1=he8f3873_0
  - libiconv=1.17=h8ffe710_0
  - libjpeg-turbo=2.1.5.1=hcfcfb64_0
  - liblapack=3.9.0=8_mkl
  - libogg=1.3.4=h8ffe710_1
  - libpng=1.6.39=h19919ed_0
  - libsqlite=3.40.0=hcfcfb64_0
  - libvorbis=1.3.7=h0e60522_0
  - libxml2=2.10.4=hc3477c8_0
  - libzlib=1.2.13=hcfcfb64_4
  - mkl=2020.4=hb70f87d_311
  - numpy=1.24.2=py39h16ffa76_0
  - opencascade=7.4.0=h7e01d4e_7
  - openssl=3.1.0=hcfcfb64_0
  - packaging=23.1=pyhd8ed1ab_0
  - pcre2=10.40=h17e33f8_0
  - pip=23.1=pyhd8ed1ab_0
  - ply=3.11=py_1
  - pyqt=5.15.7=py39hb77abff_3
  - pyqt5-sip=12.11.0=py39h99910a6_3
  - python=3.9.16=h4de0772_0_cpython
  - python_abi=3.9=3_cp39
  - pythonocc-core=7.4.1=py39h7e01d4e_5
  - qt-main=5.15.8=h7f2b912_9
  - setuptools=67.6.1=pyhd8ed1ab_0
  - sip=6.7.8=py39h99910a6_0
  - six=1.16.0=pyh6c4a22f_0
  - tbb=2019.5=h7e01d4e_1
  - tigl3=3.2.3=py39h7e01d4e_1
  - tixi3=3.3.0=py39h9d197f5_1
  - tk=8.6.12=h8ffe710_0
  - toml=0.10.2=pyhd8ed1ab_0
  - tomli=2.0.1=pyhd8ed1ab_0
  - tzdata=2023c=h71feb2d_0
  - ucrt=10.0.22621.0=h57928b3_0
  - vc=14.3=hb6edc58_10
  - vs2015_runtime=14.34.31931=h4c5c07a_10
  - wheel=0.40.0=pyhd8ed1ab_0
  - xz=5.2.6=h8d14728_0
  - zstd=1.5.2=h12be248_6
prefix: C:\ProgramData\mambaforge\envs\cpacsSeminar
